[Everyone expresses one each]
02100000 794AE6CE 00000001
08100000 794AE6D0 00010001 00010001
08100000 794AE6D8 00010001 00010001
08100000 794AE6E0 00010001 00010001
08100000 794AE6E8 00010001 00010001
08100000 794AE6F0 00010001 00010001
08100000 794AE6F8 00010001 00010001
08100000 794AE700 00010001 00010001
08100000 794AE708 00010001 00010001
08100000 794AE710 00010001 00010001
08100000 794AE718 00010001 00010001
08100000 794AE720 00010001 00010001
08100000 794AE728 00010001 00010001
08100000 794AE730 00010001 00010001
08100000 794AE738 00010001 00010001
08100000 794AE740 00010001 00010001
08100000 794AE748 00010001 00010001
08100000 794AE750 00010001 00010001
08100000 794AE758 00010001 00010001
08100000 794AE760 00010001 00010001
08100000 794AE768 00010001 00010001
08100000 794AE770 00010001 00010001
08100000 794AE778 00010001 00010001
08100000 794AE780 00010001 00010001
08100000 794AE788 00010001 00010001
08100000 794AE790 00010001 00010001
08100000 794AE798 00010001 00010001
08100000 794AE7A0 00010001 00010001
08100000 794AE7A8 00010001 00010001
08100000 794AE7B0 00010001 00010001
08100000 794AE7B8 00010001 00010001
08100000 794AE7C0 00010001 00010001
08100000 794AE7C8 00010001 00010001
08100000 794AE7D0 00010001 00010001
08100000 794AE7D8 00010001 00010001
08100000 794AE7E0 00010001 00010001
08100000 794AE7E8 00010001 00010001
08100000 794AE7F0 00010001 00010001
08100000 794AE7F8 00010001 00010001
02100000 794AE81E 00000001
04100000 794AE820 00010001
04100000 794AE846 00010001
02100000 794AE84A 00000001