[All Other Items Part 3 x750]
04100000 42934E40 0177812A
04100000 42934E44 0177812B
04100000 42934E48 0177812C
04100000 42934E4C 0177812D
04100000 42934E50 0177812E
04100000 42934E54 0177812F
04100000 42934E58 01778130
04100000 42934E5C 01778131
04100000 42934E60 01778132
04100000 42934E64 01778133
04100000 42934E68 01778134
04100000 42934E6C 01778135
04100000 42934E70 01778136
04100000 42934E74 01778137
04100000 42934E78 01778138
04100000 42934E7C 01778139
04100000 42934E80 0177813A
04100000 42934E84 0177813B
04100000 42934E88 0177813C
04100000 42934E8C 0177813D
04100000 42934E90 0177813E
04100000 42934E94 0177813F
04100000 42934E98 01778140
04100000 42934E9C 01778141
04100000 42934EA0 01778145
04100000 42934EA4 01778146