[armor]
04000000 08D65FC8 0060060D
04000000 08D65FCC 00600611
04000000 08D65FD0 00600615
04000000 08D65FD4 00600619
04000000 08D65FD8 0060061D
04000000 08D65FDC 00600621
04000000 08D65FE0 00600625
04000000 08D65FE4 00600629
04000000 08D65FE8 0060062D
04000000 08D65FEC 00600631
04000000 08D65FF0 00600635
04000000 08D65FF4 00600639
04000000 08D65FF8 0060063D
04000000 08D65FFC 00600641
04000000 08D66000 00600645
04000000 08D66004 00600649
04000000 08D66008 0060064D
04000000 08D6600C 00600651
04000000 08D66010 00600655
04000000 08D66014 00600659
04000000 08D66018 0060065D
04000000 08D6601C 00600661
04000000 08D66020 00600665
04000000 08D66024 00600669
04000000 08D66028 0060066D
04000000 08D6602C 00600671
04000000 08D66030 00600675
04000000 08D66034 00600679
04000000 08D66038 0060067D
04000000 08D6603C 00600681
04000000 08D66040 00600685
04000000 08D66044 00600686
04000000 08D66048 00600687
04000000 08D6604C 00600688