[Inf Movation v2]
58000000 01A54000
40030000 00000000 000007B0
61000130 00000000 00000064
78030000 0000024C
61000130 00000000 00000064
78030000 0000024C
61000130 00000000 00000064
78030000 0000024C
61000130 00000000 00000064
78030000 0000024C
61000130 00000000 00000064
78030000 0000024C
61000130 00000000 00000064
78030000 0000024C
61000130 00000000 00000064
78030000 0000024C
61000130 00000000 00000064
78030000 0000024C
61000130 00000000 00000064
78030000 0000024C
61000130 00000000 00000064
78030000 0000024C
61000130 00000000 00000064
78030000 0000024C
61000130 00000000 00000064
78030000 0000024C
61000130 00000000 00000064
78030000 0000024C
61000130 00000000 00000064
78030000 0000024C
61000130 00000000 00000064
78030000 0000024C
61000130 00000000 00000064
78030000 0000024C
61000130 00000000 00000064
78030000 0000024C
61000130 00000000 00000064
78030000 0000024C
61000130 00000000 00000064
78030000 0000024C
61000130 00000000 00000064
78030000 0000024C
61000130 00000000 00000064
78030000 0000024C
61000130 00000000 00000064
78030000 0000024C
61000130 00000000 00000064
78030000 0000024C
61000130 00000000 00000064
78030000 0000024C
61000130 00000000 00000064
78030000 0000024C
61000130 00000000 00000064
78030000 0000024C
61000130 00000000 00000064
78030000 0000024C
61000130 00000000 00000064
78030000 0000024C
61000130 00000000 00000064
78030000 0000024C
61000130 00000000 00000064
78030000 0000024C
61000130 00000000 00000064
78030000 0000024C
61000130 00000000 00000064
78030000 0000024C
61000130 00000000 00000064
78030000 0000024C
61000130 00000000 00000064
78030000 0000024C
61000130 00000000 00000064
78030000 0000024C