[DLC]
04000000 0123E6DC 00000001
04000000 0123E6FC 00000001
04000000 0123E700 00000001
04000000 0123E704 00000001
04000000 0123E720 00000001
04000000 0123E724 00000001
04000000 0123E728 00000001
04000000 0123E72C 00000001
04000000 0123E740 00000001
04000000 0123E744 00000001
04000000 0123E748 00000001
04000000 0123E74C 00000001
04000000 0123E750 00000001
04000000 0123E764 00000001
04000000 0123E768 00000001
04000000 0123E76C 00000001
04000000 0123E770 00000001
04000000 0123E774 00000001
04000000 0123E778 00000001
04000000 0123E78C 00000001
04000000 0123E790 00000001
04000000 0123E794 00000001
04000000 0123E798 00000001
04000000 0123E79C 00000001
04000000 0123E7A0 00000001
04000000 0123E7B4 00000001
04000000 0123E7B8 00000001
04000000 0123E7BC 00000001
04000000 0123E7C0 00000001
04000000 0123E7C4 00000001
04000000 0123E7C8 00000001
04000000 0123E7DC 00000001
04000000 0123E7E0 00000001
04000000 0123E7E4 00000001
04000000 0123E7E8 00000001
04000000 0123E7EC 00000001
04000000 0123E7F0 00000001
04000000 0123E864 00000001
04000000 0123E88C 00000001
04000000 0123E89C 00000001
04000000 0123E8C8 00000001
04000000 0123E8CC 00000001
04000000 0123E8D8 00000001
04000000 0123E990 00000001
04000000 0123E994 00000001
04000000 0123E998 00000001
04000000 0123E99C 00000001
04000000 0123E9A0 00000001
04000000 0123E9A4 00000001
04000000 0123E9A8 00000001
04000000 0123E9B4 00000001
04000000 0123ECA4 00000001
04000000 0123ECC0 00000001
04000000 0123ECC4 00000001
04000000 0123ECC8 00000001
04000000 0123ECDC 00000001
04000000 0123ECE0 00000001
04000000 0123ECE4 00000001
04000000 0123ECE8 00000001
04000000 0123ECEC 00000001
04000000 0123ECF0 00000001
04000000 0123ECF4 00000001
04000000 0123ECF8 00000001