[Inf retake-exam v2]
58000000 01ABBF60
40030000 00000000 00000723
61000130 00000000 00000000
78030000 0000024C
61000130 00000000 00000000
78030000 0000024C
61000130 00000000 00000000
78030000 0000024C
61000130 00000000 00000000
78030000 0000024C
61000130 00000000 00000000
78030000 0000024C
61000130 00000000 00000000
78030000 0000024C
61000130 00000000 00000000
78030000 0000024C
61000130 00000000 00000000
78030000 0000024C
61000130 00000000 00000000
78030000 0000024C
61000130 00000000 00000000
78030000 0000024C
61000130 00000000 00000000
78030000 0000024C
61000130 00000000 00000000
78030000 0000024C
61000130 00000000 00000000
78030000 0000024C
61000130 00000000 00000000
78030000 0000024C
61000130 00000000 00000000
78030000 0000024C
61000130 00000000 00000000
78030000 0000024C
61000130 00000000 00000000
78030000 0000024C
61000130 00000000 00000000
78030000 0000024C
61000130 00000000 00000000
78030000 0000024C
61000130 00000000 00000000
78030000 0000024C
61000130 00000000 00000000
78030000 0000024C
61000130 00000000 00000000
78030000 0000024C
61000130 00000000 00000000
78030000 0000024C
61000130 00000000 00000000
78030000 0000024C
61000130 00000000 00000000
78030000 0000024C
61000130 00000000 00000000
78030000 0000024C
61000130 00000000 00000000
78030000 0000024C
61000130 00000000 00000000
78030000 0000024C
61000130 00000000 00000000
78030000 0000024C
61000130 00000000 00000000
78030000 0000024C
61000130 00000000 00000000
78030000 0000024C
61000130 00000000 00000000
78030000 0000024C
61000130 00000000 00000000
78030000 0000024C
61000130 00000000 00000000
78030000 0000024C
61000130 00000000 00000000
78030000 0000024C