[All Items x99]
01000000 034E4954 00000063
01000000 034E495C 00000063
01000000 034E4964 00000063
01000000 034E496C 00000063
01000000 034E4974 00000063
01000000 034E497C 00000063
01000000 034E4984 00000063
01000000 034E498C 00000063
01000000 034E4994 00000063
01000000 034E499C 00000063
01000000 034E49A4 00000063
01000000 034E49AC 00000063
01000000 034E49B4 00000063
01000000 034E49BC 00000063
01000000 034E49C4 00000063
01000000 034E49CC 00000063
01000000 034E49D4 00000063
01000000 034E49DC 00000063
01000000 034E49E4 00000063
01000000 034E49EC 00000063