[Portable accessories]
04000000 08D66324 00600951
04000000 08D66328 00600955
04000000 08D6632C 00600959
04000000 08D66330 0060095D
04000000 08D66334 00600961
04000000 08D66338 00600965
04000000 08D6633C 00600969
04000000 08D66340 0060096D
04000000 08D66344 00600971
04000000 08D66348 00600975
04000000 08D6634C 00600979
04000000 08D66350 0060097D
04000000 08D66354 00600981
04000000 08D66358 00600985
04000000 08D6635C 00600989
04000000 08D66360 0060098D
04000000 08D66364 00600991
04000000 08D66368 00600995
04000000 08D6636C 00600999
04000000 08D66370 0060099D
04000000 08D66374 006009A1
04000000 08D66378 006009A2
04000000 08D6637C 006009A6
04000000 08D66380 006009AA
04000000 08D66384 006009AE
04000000 08D66388 006009B2
04000000 08D6638C 006009B6
04000000 08D66390 006009BA
04000000 08D66394 006009BE
04000000 08D66398 006009C2
04000000 08D6639C 006009C6
04000000 08D663A0 006009CA
04000000 08D663A4 006009CE
04000000 08D663A8 006009D2