[Weapons]
04000000 08D66568 00600241
04000000 08D6656C 00600245
04000000 08D66570 00600249
04000000 08D66574 0060024D
04000000 08D66578 00600251
04000000 08D6657C 00600255
04000000 08D66580 00600259
04000000 08D66584 0060025D
04000000 08D66588 00600261
04000000 08D6658C 00600265
04000000 08D66590 00600266
04000000 08D66594 00600267
04000000 08D66598 00600268
04000000 08D6659C 0060026C
04000000 08D665A0 00600270
04000000 08D665A4 00600274
04000000 08D665A8 00600278
04000000 08D665AC 0060027C
04000000 08D665B0 00600280
04000000 08D665B4 00600284