[v100 All TM and TR x99 Part 1]
04100000 42935558 00028148
04100000 4293555C 00028149
04100000 42935560 0002814A
04100000 42935564 0002814B
04100000 42935568 0002814C
04100000 4293556C 0002814D
04100000 42935570 0002814E
04100000 42935574 0002814F
04100000 42935578 00028150
04100000 4293557C 00028151
04100000 42935580 00028152
04100000 42935584 00028153
04100000 42935588 00028154
04100000 4293558C 00028155
04100000 42935590 00028156
04100000 42935594 00028157
04100000 42935598 00028158
04100000 4293559C 00028159
04100000 429355A0 0002815A
04100000 429355A4 0002815B
04100000 429355A8 0002815C
04100000 429355AC 0002815D
04100000 429355B0 0002815E
04100000 429355B4 0002815F
04100000 429355B8 00028160
04100000 429355BC 00028161
04100000 429355C0 00028162
04100000 429355C4 00028163
04100000 429355C8 00028164
04100000 429355CC 00028165
04100000 429355D0 00028166
04100000 429355D4 00028167
04100000 429355D8 00028168
04100000 429355DC 00028169
04100000 429355E0 0002816A
04100000 429355E4 0002816B
04100000 429355E8 0002816C
04100000 429355EC 0002816D
04100000 429355F0 0002816E
04100000 429355F4 0002816F
04100000 429355F8 00028170
04100000 429355FC 00028171
04100000 42935600 00028172
04100000 42935604 00028173
04100000 42935608 00028174
04100000 4293560C 00028175
04100000 42935610 00028176
04100000 42935614 00028177
04100000 42935618 00028178
04100000 4293561C 00028179
04100000 42935620 0002817A
04100000 42935624 0002817B
04100000 42935628 0002817C
04100000 4293562C 0002817D
04100000 42935630 0002817E
04100000 42935634 0002817F
04100000 42935638 00028180
04100000 4293563C 00028181
04100000 42935640 00028182
04100000 42935644 00028183
04100000 42935648 00028184
04100000 4293564C 00028185
04100000 42935650 00028186
04100000 42935654 00028187
04100000 42935658 00028188
04100000 4293565C 00028189
04100000 42935660 0002818A
04100000 42935664 0002818B
04100000 42935668 0002818C
04100000 4293566C 0002818D
04100000 42935670 0002818E
04100000 42935674 0002818F
04100000 42935678 00028190