[DLC]
04000000 0124771C 00000001
04000000 0124773C 00000001
04000000 01247740 00000001
04000000 01247744 00000001
04000000 01247760 00000001
04000000 01247764 00000001
04000000 01247768 00000001
04000000 0124776C 00000001
04000000 01247780 00000001
04000000 01247784 00000001
04000000 01247788 00000001
04000000 0124778C 00000001
04000000 01247790 00000001
04000000 012477A4 00000001
04000000 012477A8 00000001
04000000 012477AC 00000001
04000000 012477B0 00000001
04000000 012477B4 00000001
04000000 012477B8 00000001
04000000 012477CC 00000001
04000000 012477D0 00000001
04000000 012477D4 00000001
04000000 012477D8 00000001
04000000 012477DC 00000001
04000000 012477E0 00000001
04000000 012477F4 00000001
04000000 012477F8 00000001
04000000 012477FC 00000001
04000000 01247800 00000001
04000000 01247804 00000001
04000000 01247808 00000001
04000000 0124781C 00000001
04000000 01247820 00000001
04000000 01247824 00000001
04000000 01247828 00000001
04000000 0124782C 00000001
04000000 01247830 00000001
04000000 012478A4 00000001
04000000 012478CC 00000001
04000000 012478DC 00000001
04000000 01247908 00000001
04000000 0124790C 00000001
04000000 01247918 00000001
04000000 012479D0 00000001
04000000 012479D4 00000001
04000000 012479D8 00000001
04000000 012479DC 00000001
04000000 012479E0 00000001
04000000 012479E4 00000001
04000000 012479E8 00000001
04000000 012479F4 00000001
04000000 01247CE4 00000001
04000000 01247D00 00000001
04000000 01247D04 00000001
04000000 01247D08 00000001
04000000 01247D1C 00000001
04000000 01247D20 00000001
04000000 01247D24 00000001
04000000 01247D28 00000001
04000000 01247D2C 00000001
04000000 01247D30 00000001
04000000 01247D34 00000001
04000000 01247D38 00000001